      0/99     10.1G   0.07926   0.01533   0.02186    0.1164       102       384  0.002681    0.2239  0.001495 0.0002749   0.09354   0.03736   0.02074
      1/99     10.1G   0.07538   0.01613    0.0204    0.1119       163       384  0.002239    0.1699   0.00128  0.000208    0.0945   0.03634   0.01947
      2/99     10.1G   0.07396   0.01626    0.0196    0.1098       126       384  0.003089   0.06753  0.001024   0.00018   0.09477   0.03584   0.01868
      3/99     10.1G   0.06995   0.01758   0.01923    0.1068       151       384  0.005997   0.04001  0.003035 0.0005324   0.08892   0.03788   0.01817
      4/99     10.1G   0.05899   0.01716   0.01935    0.0955        64       384    0.1864    0.1722    0.1134   0.03385   0.07658   0.03751   0.01827
      5/99     10.1G    0.0502   0.01578   0.01904   0.08502        96       384    0.6021    0.2737    0.2453   0.08973    0.0679   0.03867   0.01877
      6/99     10.1G   0.04603   0.01549   0.01865   0.08017       121       384    0.3272    0.4398    0.3436    0.1527   0.06986   0.03682   0.01912
      7/99     10.1G   0.04846   0.01461   0.01774   0.08081       105       384    0.3262    0.4524    0.2955    0.1425   0.08392   0.03287   0.01868
      8/99     10.1G    0.0722   0.01417   0.01556    0.1019        75       384    0.4734    0.7157    0.5043    0.3066   0.08723   0.02974   0.01655
      9/99     10.1G   0.07781   0.01316   0.01384    0.1048       149       384     0.322    0.3643    0.2472   0.09963    0.1214   0.02384   0.09173
     10/99     10.1G   0.07313   0.01473   0.01365    0.1015       118       384   0.01774    0.2053  0.006908  0.001166    0.1491   0.02487    0.4598
     11/99     10.1G   0.08079   0.01379   0.01356    0.1081       129       384         0         0         0         0     0.149     1.018     14.21
     12/99     10.1G   0.08006   0.01375   0.01306    0.1069       145       384    0.1822    0.1235   0.06112   0.02039    0.1342   0.02697    0.2578
     13/99     10.1G   0.07804   0.01287   0.01224    0.1032       104       384    0.6119    0.6708    0.5702    0.3392   0.08774   0.02581   0.01855
     14/99     10.1G   0.07347   0.01259   0.01105   0.09711        83       384    0.6593    0.7586    0.7154    0.4731   0.08384   0.02483   0.01502
     15/99     10.1G   0.07187   0.01233   0.01052   0.09471       135       384    0.6878    0.6629    0.7112    0.4711   0.08413   0.02445   0.01623
     16/99     10.1G   0.07324   0.01263  0.009844   0.09571       110       384    0.7195    0.6871    0.7252    0.4899   0.08265   0.02419   0.02391
     17/99     10.1G    0.0748   0.01271   0.01009    0.0976       102       384    0.3928    0.3231    0.2886    0.1104   0.09119   0.03229   0.02965
     18/99     10.1G   0.07229    0.0136   0.01103   0.09691       148       384    0.2868    0.4201    0.3075    0.1474   0.09584    0.0356   0.05398
     19/99     10.1G   0.07335   0.01241   0.01111   0.09686       105       384    0.7389    0.7058    0.7521    0.5448   0.07912   0.02431   0.01651
     20/99     10.1G   0.07207   0.01268  0.008493   0.09325        96       384    0.7024    0.7425    0.7361    0.5386   0.07775   0.02442   0.01725
     21/99     10.1G   0.07204   0.01215  0.009371   0.09357       101       384    0.7776     0.724    0.7801    0.5539   0.07913   0.02539   0.01446
     22/99     10.1G   0.06992   0.01209  0.008862   0.09087       113       384    0.7216     0.753    0.7597    0.5527   0.07845   0.02531   0.01642
     23/99     10.1G   0.07404   0.01217  0.009122   0.09533        97       384    0.7459    0.7283    0.7493     0.538   0.07646   0.02372   0.01719
     24/99     10.1G   0.07131   0.01208  0.008824   0.09221       119       384    0.8107    0.7507     0.816    0.6084   0.07613    0.0252   0.01605
     25/99     10.1G   0.06915   0.01201  0.007992   0.08916       128       384    0.8087    0.7609    0.8203    0.6356   0.07466   0.02332   0.01604
     26/99     10.1G   0.06939   0.01146  0.008896   0.08975        53       384    0.8359    0.7684    0.8451    0.6633   0.07258   0.02271   0.01493
     27/99     10.1G   0.06777   0.01136  0.007953   0.08708        98       384    0.8468    0.7442    0.8431     0.655   0.07319   0.02369   0.02191
     28/99     10.1G   0.06896   0.01118  0.007894   0.08803       133       384    0.7534    0.7736    0.8082    0.6323   0.07285   0.02257   0.02182
     29/99     10.1G   0.06578   0.01117  0.008133   0.08508       136       384    0.8373    0.7649    0.8466    0.6643   0.07197   0.02321   0.01678
     30/99     10.1G   0.06634   0.01084  0.007891   0.08508       126       384    0.8319    0.7918    0.8582    0.6863   0.07148   0.02399   0.01649
     31/99     10.1G   0.06855   0.01084  0.008071   0.08746       125       384    0.8091    0.8034     0.855    0.6842   0.07073   0.02281   0.01586
     32/99     10.1G   0.06624   0.01117  0.008256   0.08566       120       384    0.8548    0.7639    0.8529    0.6856   0.07043   0.02302    0.0152
     33/99     10.1G   0.06746   0.01087  0.007839   0.08617       117       384    0.8432    0.8028    0.8705    0.7006   0.07026   0.02224   0.01486
     34/99     10.1G   0.06823   0.01052  0.008142   0.08689       101       384    0.8362    0.8189    0.8695    0.7076    0.0696   0.02303   0.01427
     35/99     10.1G   0.05988   0.01059  0.007177   0.07764       151       384    0.8437    0.8117    0.8753    0.7099   0.06933   0.02256   0.01573
     36/99     10.1G   0.06767   0.01068  0.008065   0.08641        72       384    0.8709    0.8041    0.8812    0.7253   0.06897   0.02297   0.01364
     37/99     10.1G   0.06328   0.01049  0.007826    0.0816        92       384    0.8418    0.8249    0.8773    0.7238   0.06864   0.02281   0.01359
     38/99     10.1G    0.0663   0.01042  0.007999   0.08473        99       384    0.8329    0.8104    0.8771    0.7187   0.06854   0.02207   0.01407
     39/99     10.1G   0.06352   0.01055  0.007348   0.08142       104       384    0.8502    0.8348    0.8905    0.7348     0.068    0.0221   0.01397
     40/99     10.1G    0.0652   0.01046  0.008041    0.0837       151       384     0.876    0.8011    0.8807    0.7276   0.06792   0.02317   0.01462
     41/99     10.1G   0.06498   0.01051  0.007621   0.08311       163       384    0.8858    0.8148    0.8862      0.74   0.06769   0.02259   0.01566
     42/99     10.1G   0.06599   0.01009  0.007518    0.0836       133       384    0.7998    0.7548    0.8434     0.696   0.06839    0.0221   0.01961
     43/99     10.1G   0.06391   0.01054   0.00735    0.0818       109       384    0.8638    0.8271    0.8872    0.7386    0.0674   0.02237   0.01563
     44/99     10.1G   0.06239    0.0101  0.007528   0.08002       134       384    0.8472    0.8295    0.8856    0.7254   0.06822   0.02371   0.01488
     45/99     10.1G   0.06498  0.009901  0.007475   0.08235       137       384    0.8702    0.8068    0.8879    0.7325   0.06697   0.02286   0.01616
     46/99     10.1G   0.06465  0.009972   0.00693   0.08156        99       384    0.8633    0.8428    0.8976    0.7578   0.06674    0.0232   0.01697
     47/99     10.1G   0.06588  0.009967  0.007479   0.08332        78       384    0.8817     0.809    0.8937    0.7516   0.06667   0.02272   0.01772
     48/99     10.1G   0.06378  0.009791  0.007013   0.08058       115       384    0.8614    0.8338    0.8918    0.7487   0.06684   0.02319   0.01628
     49/99     10.1G   0.06391  0.009727  0.006505   0.08014        81       384    0.8888    0.8384    0.9035    0.7634   0.06666   0.02325   0.01619
     50/99     10.1G    0.0651   0.01013  0.007281   0.08251       140       384    0.8536     0.824    0.8946    0.7541    0.0667   0.02218   0.01607
     51/99     10.1G   0.06254  0.009968  0.006814   0.07932        77       384     0.856    0.8368    0.8961    0.7505    0.0667   0.02326    0.0158
     52/99     10.1G   0.06333  0.009777  0.007128   0.08023        83       384    0.8598    0.8479    0.9031    0.7697   0.06637     0.022   0.01681
     53/99     10.1G   0.06605  0.009861  0.007116   0.08302       138       384    0.8816    0.8405    0.9036    0.7638   0.06601   0.02302   0.01579
     54/99     10.1G   0.06335  0.009784  0.006793   0.07992       164       384    0.8611    0.8374    0.9018    0.7673   0.06575   0.02274   0.01719
     55/99     10.1G   0.06498  0.009908  0.007566   0.08246       143       384    0.8597    0.8303    0.8876    0.7519   0.06606   0.02315   0.01631
     56/99     10.1G   0.06219  0.009901  0.007045   0.07914       115       384    0.8905    0.8218     0.905    0.7758   0.06577   0.02311   0.01522
     57/99     10.1G   0.06255  0.009709  0.007142   0.07941        78       384    0.8481    0.8616    0.9082     0.776   0.06547   0.02265   0.01501
     58/99     10.1G   0.06215  0.009683  0.006816   0.07865       107       384    0.8781    0.8472    0.9063    0.7785   0.06536   0.02339   0.01422
     59/99     10.1G    0.0619   0.00974  0.007162    0.0788        87       384    0.8503    0.8379    0.8976    0.7638   0.06537   0.02295   0.01617
     60/99     10.1G   0.06381  0.009593  0.007108   0.08052        98       384     0.853    0.8633    0.9058     0.774   0.06525   0.02221   0.01576
     61/99     10.1G   0.06516  0.009774  0.006752   0.08169       120       384    0.8829    0.8335    0.9087    0.7798    0.0652   0.02316   0.01554
     62/99     10.1G   0.06113  0.009475  0.006913   0.07752       127       384    0.8712    0.8673    0.9136    0.7872    0.0649   0.02303   0.01464
     63/99     10.1G   0.06262  0.009395   0.00651   0.07853        76       384    0.8496    0.8806    0.9107    0.7858   0.06489    0.0235   0.01439
     64/99     10.1G   0.06343  0.009607  0.007157    0.0802       147       384    0.8724    0.8501    0.9076    0.7816   0.06478   0.02272   0.01544
     65/99     10.1G   0.06266  0.009053  0.006572   0.07828       123       384    0.8828    0.8559    0.9163    0.7896   0.06463   0.02386   0.01663
     66/99     10.1G   0.06361  0.009455  0.007177   0.08024       142       384     0.852    0.8728    0.9135    0.7887   0.06487   0.02246   0.01734
     67/99     10.1G   0.06337  0.009412  0.007012    0.0798       105       384    0.8733    0.8662    0.9153    0.7898   0.06454   0.02329   0.01469
     68/99     10.1G   0.06513  0.009403  0.007292   0.08183        93       384    0.8753    0.8608    0.9122    0.7902   0.06487   0.02397   0.01483
     69/99     10.1G   0.05879   0.00919  0.006306   0.07429       140       384    0.8617    0.8651    0.9114    0.7837   0.06435    0.0234   0.01482
     70/99     10.1G   0.05967  0.009327  0.006577   0.07557       161       384    0.8665    0.8731    0.9135    0.7867   0.06416   0.02336   0.01483
     71/99     10.1G   0.06047  0.009431  0.007036   0.07694        40       384    0.8666    0.8616     0.915    0.7904   0.06428   0.02373   0.01461
     72/99     10.1G   0.06177  0.009224  0.006541   0.07753        99       384    0.8872    0.8476    0.9176    0.7972   0.06403   0.02361   0.01423
     73/99     10.1G   0.06319  0.009176     0.007   0.07937       129       384    0.8549    0.8694    0.9101    0.7884   0.06412   0.02369   0.01462
     74/99     10.1G   0.06244   0.00961    0.0067   0.07875       110       384    0.9153    0.8268    0.9155    0.7911   0.06422   0.02374   0.01356
     75/99     10.1G   0.06498  0.009284  0.006843    0.0811       179       384    0.8679    0.8765     0.918    0.7972    0.0639   0.02328   0.01438
     76/99     10.1G   0.06196  0.009079  0.006412   0.07745       103       384    0.8857    0.8628    0.9195    0.7953   0.06447   0.02459   0.01399
     77/99     10.1G   0.06359  0.009128   0.00674   0.07945       115       384    0.8934    0.8468    0.9145    0.7938   0.06411   0.02367   0.01452
     78/99     10.1G   0.06303  0.009442  0.007314   0.07978        85       384    0.8598    0.8516    0.9113    0.7891   0.06391   0.02401   0.01543
     79/99     10.1G   0.06231  0.009185  0.006614   0.07811       189       384    0.8551    0.8693    0.9106    0.7879   0.06415   0.02425   0.01479
     80/99     10.1G    0.0639  0.008989  0.007239   0.08013       124       384    0.8601    0.8798    0.9177    0.7994   0.06397   0.02377   0.01311
     81/99     10.1G   0.06526  0.009267  0.007456   0.08198        86       384    0.8726    0.8726    0.9223    0.8043   0.06388   0.02437    0.0129
     82/99     10.1G   0.06166  0.008926  0.006324   0.07691        79       384    0.8878     0.866    0.9189    0.7992   0.06391    0.0245   0.01266
     83/99     10.1G   0.06368  0.009217  0.006532   0.07943       120       384      0.88    0.8693    0.9174    0.8006   0.06369   0.02361   0.01365
     84/99     10.1G   0.06452  0.009245  0.007324   0.08108       140       384    0.8807    0.8688    0.9194    0.8001   0.06379   0.02403    0.0137
     85/99     10.1G    0.0617  0.009203  0.006553   0.07745        95       384    0.8751    0.8763    0.9184    0.7993   0.06371   0.02456    0.0134
     86/99     10.1G   0.06384  0.009191  0.007201   0.08023        99       384    0.8914    0.8482    0.9147    0.7983   0.06369   0.02484   0.01339
     87/99     10.1G   0.06271  0.009263  0.006467   0.07844        88       384    0.8849    0.8575     0.915    0.7979   0.06365   0.02461   0.01315
     88/99     10.1G   0.06247  0.008905  0.006208   0.07758        62       384    0.8715    0.8831    0.9173    0.8014   0.06369   0.02433   0.01392
     89/99     10.1G   0.06335  0.009274  0.006818   0.07945        78       384    0.8981    0.8512    0.9201    0.8013    0.0639    0.0251   0.01515
     90/99     10.1G   0.06418  0.009204  0.006516    0.0799        91       384    0.8849    0.8658    0.9205    0.8029   0.06357   0.02359   0.01478
     91/99     10.1G   0.06278  0.009076  0.006576   0.07843        91       384    0.8896    0.8665    0.9173    0.8009   0.06377   0.02442   0.01447
     92/99     10.1G   0.06458  0.009232  0.006664   0.08048       103       384     0.883    0.8326    0.9112    0.7968   0.06363   0.02433    0.0152
     93/99     10.1G   0.06293  0.008759  0.006595   0.07828        99       384    0.8683    0.8842    0.9198    0.8052   0.06358   0.02508   0.01387
     94/99     10.1G   0.06209  0.008982  0.006272   0.07734       140       384    0.8711    0.8845    0.9237    0.8087   0.06358   0.02468   0.01439
     95/99     10.1G   0.06411  0.008994  0.006809   0.07991       108       384    0.8908    0.8602    0.9225    0.8111   0.06343   0.02517   0.01501
     96/99     10.1G   0.06395  0.009183  0.007008   0.08014       120       384    0.8855    0.8539    0.9161    0.8007   0.06354   0.02517   0.01446
     97/99     10.1G   0.06017  0.008927  0.006508    0.0756       104       384     0.872    0.8701    0.9171    0.8035   0.06342   0.02454     0.014
     98/99     10.1G   0.06427  0.008772  0.006535   0.07958        89       384    0.8767    0.8681    0.9173    0.8029   0.06353   0.02483   0.01422
     99/99     10.1G   0.06067  0.008866   0.00624   0.07577        87       384    0.8789    0.8696    0.9198    0.8072   0.06341   0.02438   0.01563
